positive/1609934289.8806424.jpg 4 257 273 68 61 333 231 55 53 403 228 57 57 338 158 44 41
positive/1609934302.8088162.jpg 3 49 155 37 26 360 260 50 36 400 224 37 46
positive/1609934308.163612.jpg 0
positive/1609934315.427841.jpg 4 381 200 52 50 341 265 65 54 442 182 51 55 343 102 50 51
positive/1609934323.7722137.jpg 2 146 132 39 32 13 112 34 33
positive/1609934364.5018523.jpg 1 194 168 36 29
positive/1609934600.4528778.jpg 1 276 211 43 36
positive/1609934608.0447032.jpg 1 173 261 52 59
positive/1609934610.828826.jpg 1 227 137 33 30
positive/1609934624.5299563.jpg 2 54 110 67 43 111 81 50 41
positive/1609934630.0153644.jpg 2 321 130 46 40 9 103 50 32
positive/1609934633.11067.jpg 2 349 276 56 68 53 133 48 38
positive/1610184532.7409563.jpg 4 334 214 52 47 295 157 41 52 203 146 48 45 437 105 41 49
positive/1610184535.653417.jpg 4 301 195 51 56 301 261 43 56 238 136 51 44 460 239 49 54
positive/1610184540.7056203.jpg 3 243 140 46 29 224 288 55 57 380 93 50 66
positive/1610184545.21217.jpg 3 320 252 71 64 423 134 48 55 483 179 36 50
positive/1610184593.8453312.jpg 3 163 182 23 25 110 169 18 20 366 205 26 24
positive/1610184614.8098795.jpg 2 138 49 55 59 47 69 72 47
positive/1610184619.8146229.jpg 3 219 248 109 90 17 61 50 40 398 233 74 116
positive/1610189780.53833.jpg 3 339 174 40 43 171 226 55 50 68 211 61 47
positive/1610189781.9195423.jpg 4 218 254 61 61 296 262 53 60 285 134 52 37 119 308 69 55
positive/1610189783.1119442.jpg 3 292 232 56 69 215 122 38 56 344 189 51 65
positive/1610189784.3406508.jpg 4 381 250 72 71 314 203 47 45 322 150 50 45 151 148 58 49
positive/1610189785.6092472.jpg 4 307 163 58 58 397 184 58 68 278 123 53 45 130 188 68 57
positive/1610189786.8637779.jpg 4 278 141 46 41 366 109 47 60 221 118 52 44 139 240 86 63
positive/1610189788.1047838.jpg 4 178 134 49 41 308 82 55 56 187 264 60 68 252 126 46 44
positive/1610189790.6514964.jpg 4 195 151 42 36 181 78 45 33 154 182 46 58 294 258 47 47
positive/1610189792.0447512.jpg 4 273 128 41 48 218 112 55 46 174 239 48 47 345 104 49 47
positive/1610189793.192555.jpg 4 298 126 47 40 159 160 46 56 306 171 44 52 377 216 51 52
positive/1610189794.552986.jpg 4 277 112 40 41 128 151 54 43 354 196 48 62 284 161 48 46
positive/1610189795.6929219.jpg 4 264 130 60 40 139 109 59 41 65 223 38 51 192 141 40 38
positive/1610189796.9321094.jpg 3 150 189 61 47 159 271 65 49 120 331 55 34
positive/1610189798.1093729.jpg 3 183 249 58 45 266 293 51 53 432 278 59 66
positive/1610189808.848622.jpg 2 76 83 40 35 118 65 40 40
positive/1610189810.3448968.jpg 2 107 155 51 42 132 130 56 37
positive/1610189811.6645164.jpg 3 123 188 51 59 178 213 67 64 250 64 26 32
positive/1610189812.9585545.jpg 5 139 228 83 69 245 219 74 75 16 106 46 27 66 85 29 22 108 74 32 23
positive/1610189814.1508672.jpg 2 219 240 81 69 302 205 64 71
positive/1610189815.4445026.jpg 2 291 244 69 55 320 196 53 47
positive/1610189816.6961818.jpg 2 320 224 62 47 312 174 56 53
positive/1610189817.9628947.jpg 2 321 196 50 43 290 159 48 39
positive/1610189819.1318412.jpg 2 304 162 50 31 264 144 47 31
positive/1610189820.8505535.jpg 2 234 135 34 39 279 132 34 36
positive/1610189823.9900076.jpg 2 320 201 58 63 292 262 57 71
positive/1610189825.9285834.jpg 2 314 195 60 70 280 267 75 69
positive/1610189829.4761133.jpg 2 178 213 74 67 191 290 84 70
positive/1610189831.43861.jpg 2 179 89 64 64 129 145 65 54
